0
0 7 7 0
0 8 3 7
0 7 2 8
0 9 5 7
0 7 4 9
0 9 2 7
0 9 1 9
0 0 8 9
7 4 8 0
3 1 3 4
2 3 3 1
5 2 3 3
4 3 3 2
2 3 3 3
1 3 3 3
8 0 9 3
8 3 9 0
3 1 4 3
3 3 4 1
3 2 2 3
3 5 2 2
3 3 1 5
3 3 1 3
9 0 6 3
9 3 8 0
4 1 2 3
4 1 4 1
2 2 2 1
2 5 1 2
1 5 1 5
1 2 5 5
6 0 6 2
8 2 7 0
2 3 4 2
4 1 1 3
2 1 5 1
1 3 4 1
1 5 3 3
5 5 3 5
6 0 7 5
7 3 6 0
4 2 2 3
1 5 1 2
5 2 3 5
4 4 5 2
3 2 3 4
3 5 1 2
7 0 9 5
6 5 9 0
2 4 3 5
1 5 4 4
3 2 4 5
5 3 3 2
3 1 3 3
1 5 5 1
9 0 7 5
9 9 0 0
3 9 0 9
4 9 0 9
4 9 0 9
3 8 0 9
3 9 0 8
5 9 0 9
7 0 0 9

