0
0 7 7 0
0 6 5 7
0 8 1 6
0 6 2 8
0 8 1 6
0 6 3 8
0 7 4 6
0 8 2 7
0 0 8 8
7 3 8 0
5 2 5 3
1 3 1 2
2 5 5 3
1 1 4 5
3 1 3 1
4 4 1 1
2 4 4 4
8 0 6 4
8 2 6 0
5 3 2 2
1 2 2 3
5 1 1 2
4 2 1 1
3 2 5 2
1 4 2 2
4 4 4 4
6 0 6 4
6 1 7 0
2 4 3 1
2 3 4 4
1 2 1 3
1 5 2 2
5 5 3 5
2 3 3 5
4 1 3 3
6 0 8 1
7 1 7 0
3 3 5 1
4 1 5 3
1 4 2 1
2 5 3 4
3 3 3 5
3 1 5 3
3 2 2 1
8 0 6 2
7 1 6 0
5 4 1 1
5 2 3 4
2 2 3 2
3 3 3 2
3 2 3 3
5 2 1 2
2 4 3 2
6 0 6 4
6 2 6 0
1 4 5 2
3 5 4 4
3 5 4 5
3 3 1 5
3 5 1 3
1 3 2 5
3 5 2 3
6 0 6 5
6 5 7 0
5 3 3 5
4 3 5 3
4 4 3 3
1 3 1 4
1 3 3 3
2 1 1 3
2 5 1 1
6 0 8 5
7 8 0 0
3 7 0 8
5 6 0 7
3 8 0 6
1 6 0 8
3 8 0 6
1 6 0 8
1 8 0 6
8 0 0 8

